Ncl     x     y     v  Tpeak  FWHMx  FWHMy    R    FWHMv     Sum(T)    Npix
1   351    96   476   3.12  13.44  11.61  12.96  13.39    5805.80    7225    
2   295     6   654   2.81   1.87   2.41   1.87   0.00      27.72      11    
3   294     4   377   2.62   2.21   3.73   1.95   0.69      26.63      19   
4   165   303   516   2.31  11.06  17.03  12.68  14.98    4139.33    6680    
5   294    34   650   1.76   1.18   2.63   1.60   0.61      14.38      12    
6   537    95   366   1.74   9.70  23.17  11.56  18.88    4102.22    8158    
7   406    51   377   1.69  10.43   8.97   9.37   6.61    1142.35    2176    
8    17     0   540   1.62   1.18   2.62   1.60   1.54      21.78      24   
9   293    42   470   1.53   1.18   3.31   1.78   1.18      27.38      20    
10   319   123   375   1.52   5.44   6.41   6.10   9.02     725.25    1289    
11   115   299   490   1.37   9.99  10.20   9.37  15.70    1414.87    3056    
12   255   172   368   1.36   7.61   6.89   7.61  15.62    1433.79    3171    
13   514    56   501   1.33   6.22   4.88   5.20   3.60     240.22     459    
14    43   163   519   1.33   5.90   8.10   6.84   8.09     853.92    1569    
15   406     0   502   1.30  27.59  10.23  11.64   7.67    2013.78    3816   
16   294    15   488   1.26   1.17   2.58   1.60   0.62       8.84      11    
17   445     4   450   1.25   1.15   3.78   1.87   0.87      14.51      18   
18   444   182   450   1.23   8.13   7.21   6.75   6.14     602.39    1203    
19   540   167   447   1.22   5.71  14.45   8.57  21.21    1779.59    3798    
20   561   190   468   1.22  16.67  21.53  14.31  22.14    2852.47    7251    
21   518   356   735   1.22   1.63   0.66   1.13   6.95      14.25      32    
22   130   121   598   1.21   1.14   2.54   1.49   1.29       8.85      15    
23   289   360   207   1.21   1.37   1.18   1.13   5.28       8.74      24    
24   481   106   350   1.19   9.52  16.95  10.69  17.53    3114.96    6743    
25    87   244   411   1.17  17.58   6.34   8.52  17.14    1199.59    2734    
26   458   143   479   1.17  20.49   6.99   9.67   5.91     999.19    2007    
27    49   121   702   1.15   1.58   2.38   1.49   1.94       8.63      13    
28   127   120   671   1.14   0.76   3.50   1.38   1.22       8.62      13    
29   173   120   706   1.11   1.83   3.00   2.03   0.82      12.83      19    
30   116   118   426   1.10   1.05   2.48   1.38   1.07       7.77      12    
31   208   119   647   1.07   2.37   3.39   1.87   0.00       8.36      11    
32   295    13   560   1.06   1.17   3.26   1.38   1.85      11.94      18    
33   124   120   633   1.06   2.59   5.70   3.04   3.54      95.56     167    
34   455     3   565   1.05   2.80   2.39   1.69   0.92       8.33      14    
35   228   124   637   1.02   1.07   2.38   1.49   0.96       7.22      11    
36   362   374   410   1.02   1.17   1.91   1.38   1.13       7.64      12    
37   361     1   501   1.01   0.91   2.95   1.38   1.32       7.64      14   
38   450     4   429   1.01   0.87   2.29   1.26   1.35       6.31      12    
39   470   183   453   1.00   6.16   6.37   5.94   7.06     445.36    1053    
40   224   193   450   0.99  14.82  12.84   9.92  13.10    1118.65    2939    
41   456     8   292   0.99   1.63   3.08   1.87   0.39       7.38      12    
42   567     6   300   0.99   1.57   2.23   1.60   0.80       7.66      12    
43   352     6   541   0.99   -NaN   2.56   1.13   1.47       5.73      11    
44   538     0   559   0.97   1.76   1.09   1.13   1.84       6.45      11   
45   393     3   247   0.96   0.45   2.43   1.13   9.11      22.61      36    
46   128   120   663   0.95   0.00   2.74   1.13   1.89       6.22      11    
47   609   218   282   0.95   3.61   4.58   3.66   3.88     108.29     245   
48   489     7   314   0.95   2.09   3.67   1.95   0.64       9.35      15    
49   530   224   460   0.93   5.41   4.98   4.89   5.14     237.94     558    
50    38   119   647   0.93   1.52   1.64   1.38   1.47       8.19      15    
51    76   317   536   0.92   6.47   6.57   5.84   5.29     278.94     670    
52   204   120   479   0.92   2.46   3.72   1.87   4.48      12.12      24    
53   370     7   510   0.90   1.54   4.23   2.19   4.91      47.40      94   
54   339     3   688   0.89   -NaN   1.04   0.98   8.55      12.77      22    
55   430     4   501   0.89   1.75   2.19   1.69   4.26      14.65      27   
56   475     0   262   0.88   0.89   1.14   0.98   2.95       6.81      12   
57   294   375   488   0.87   1.15   2.74   1.26   3.12       7.63      15    
58   324   187   494   0.87   9.03   5.26   6.26   9.65     423.22    1091    
59   291   160   434   0.87  21.48  11.56  11.71  14.80    1637.72    4241    
60   464   117   354   0.87   2.14   2.57   1.69   3.05       8.66      19    
61   536   376   738   0.86   0.00   0.00   0.56  12.83      13.29      23    
62   531   373   630   0.86   3.21   2.85   1.87   0.79       7.37      14    
63   452   379   476   0.85   1.17   1.93   1.38   1.18       8.45      12    
64   451   171   431   0.85   4.13   3.66   3.24   5.46     116.37     268    
65    76   125   718   0.84   0.82   1.94   1.13   1.83       5.87      11    
66   465   103   393   0.84   1.88   4.45   1.87   0.54       6.86      11    
67   260   125   217   0.84   1.16   2.35   1.49   1.04       7.02      13    
68   598     4   290   0.84   1.51   3.25   1.69   1.00       7.78      15    
69   340     2   233   0.83   1.09   1.20   1.13   3.38       6.03      11   
70    47   375   271   0.83   1.97   1.18   1.13   2.11       6.03      12    
71   383    90   491   0.83   3.77   5.59   4.18   3.68     102.26     266    
72   206   122   576   0.83   1.35   1.97   1.38   2.38       7.69      15    
73    78   120   318   0.82   1.18   1.89   1.38   1.14       6.47      12    
74    33   123   407   0.82   0.72   2.66   1.26   2.25       8.57      17   
75   337     1   349   0.82   0.89   2.72   1.26   1.26       5.68      11   
76   128   125   609   0.81   1.17   1.65   1.13   1.57       5.72      12    
77     8   119   229   0.81   1.31   2.66   1.38   1.08       5.97      12    
78   184   122   572   0.81   1.08   2.30   1.38   1.29       6.70      12    
79   236   123   346   0.80   0.67   2.58   1.26   2.12       8.82      16    
80    42   135   302   0.80   2.10   3.22   1.87   0.00       6.12      11    
81   140   285   501   0.80   7.70   4.65   4.22   4.33     122.09     314    
82   339     3   437   0.79   -NaN   0.00   0.56   9.50       9.01      17    
83   144   143   714   0.78   2.77   3.06   2.33   3.38      31.21      83    
84   349     1   456   0.78   1.11   2.64   1.13   3.08       6.23      14   
85   132   122   301   0.78   -NaN   -NaN   0.56   9.50       8.88      17    
86   423   376   550   0.77   1.41   1.39   1.26   4.04       7.21      13    
87   399    16   421   0.77   1.99   1.18   1.38   1.85       5.72      11    
88   544     8   516   0.77   1.88   1.57   1.38   1.89       6.16      13    
89   356   247   526   0.77  11.16   5.87   6.91   8.48     292.79     898    
90   534   104   408   0.76   1.53   2.43   1.49   2.26       5.22      12    
91   476     5   211   0.76   -NaN   0.52   0.80   5.53       5.38      11    
92   417     8   413   0.76   1.44   3.18   1.60   1.57       7.37      16    
93   330   193   456   0.75   6.77   5.02   5.08   5.56     216.87     569    
94   547     8   385   0.75   0.00   0.71   0.80   8.29       7.33      16    
95   126   222   524   0.75   4.75   4.40   3.48   3.47      77.66     200    
96   181   123   681   0.74   0.96   1.46   1.26   5.23      10.31      21    
97   498   302   672   0.74   1.63   1.46   1.38   1.84       8.40      17    
98   145   132   349   0.73   1.87   1.43   1.26   3.78       8.26      16    
99     1   370   398   0.73   0.00   0.00   0.56   6.30       5.63      11    
100   394   377   598   0.72   0.83   2.42   1.13   2.31       6.72      14    
101   415     4   428   0.72   0.00   1.17   0.80   3.33       5.71      12    
102    30   127   262   0.72   -NaN   0.73   0.80   8.27       6.65      16    
103   574   121   356   0.72   3.76   4.25   3.29   4.75      90.99     238    
104   141   118   279   0.71   1.57   2.14   1.60   2.07       8.21      15    
105   265   124   645   0.71   0.00   1.82   0.98   2.14       4.87      11    
106   270   133   266   0.71   0.85   1.59   1.13   7.15       6.39      15    
107     8     9   343   0.71   1.10   1.11   0.98   2.48       6.20      12    
108   132   122   552   0.71   -NaN   -NaN   0.56   8.76       7.71      15    
109    59   123   671   0.71   0.00   2.50   1.13   1.86       6.19      12    
110   467   115   358   0.70   6.33   3.42   2.59   5.61      44.59     117    
111   368   313   381   0.70   3.78   3.65   3.29   3.28      65.65     167    
112   443   240   571   0.70   1.84   1.51   1.49   1.40       5.76      14    
113   150   376   376   0.70   0.00   -NaN   0.56   8.75       7.59      15    
114    21   211   462   0.70   6.05   4.87   3.61   3.05      48.97     136    
115   270   370   302   0.69   2.58   1.75   1.78   0.45       5.75      11    
116    62   379   700   0.69   1.10   1.15   0.98   2.24       4.84      11    
117   380   122   706   0.68   0.73   1.52   1.13   6.61       6.25      16    
118   579   120   356   0.68   3.10   1.55   1.60   4.34      16.11      35    
119   493   104   348   0.68   1.14   1.55   1.13   2.51       5.33      14    
120    34   262   545   0.67   1.71   1.74   1.49   1.52       6.01      15    
121   386    15   406   0.67   1.76   1.41   1.38   1.30       5.70      12    
122   588   198   486   0.66  13.41   5.13   6.13   8.59     250.02     743    
123     2   270   385   0.66   0.00   0.00   0.56   8.75       7.21      15    
124    66   155   515   0.66   7.08   7.25   5.41   4.69     217.89     576    
125   145   148   462   0.66   1.43   1.98   1.38   2.01       6.05      12    
126   494   370   627   0.65   1.67   2.58   1.38   3.05       7.92      20    
127   485   143   440   0.65   4.15   3.35   3.14   5.39      73.88     219    
128   505   317   263   0.65   5.19   4.80   4.33   7.78     201.58     517    
129   150   376   627   0.65   -NaN   0.00   0.56   8.76       7.05      15    
130   379     0   503   0.65   1.15   0.00   0.80   5.13       7.59      17   
131   182   127   212   0.64   -NaN   1.18   0.80   4.43       6.87      15    
132   322   112   477   0.64   4.05   3.54   2.76   4.86      52.01     143    
133    32   204   464   0.64   1.01   1.55   1.13   4.02       5.16      15    
134   536    55   463   0.64   0.97   2.36   1.38   2.77       4.20      11    
135   355   361   305   0.63   2.06   1.78   1.60   3.15       5.85      15    
136   318   163   372   0.63   1.90   1.17   1.38   1.28       4.24      11    
137   565    16   489   0.63   1.30   1.45   1.38   3.60       4.76      12    
138   557   181   372   0.63   1.18   1.80   1.38   1.33       4.25      11    
139   487   329   547   0.63   3.12   2.18   1.87   0.00       5.10      11    
140   389    60   429   0.62   2.78   2.38   1.95   0.47       5.34      13    
141   157   136   701   0.62   1.24   2.40   1.60   2.71       6.86      19    
142   381   282   676   0.62   2.56   3.21   1.69   0.80       4.74      11    
143   589   125   714   0.62   1.72   1.56   1.38   2.06       5.48      14    
144   317   370   466   0.62   2.02   2.64   1.87   0.61       6.51      13    
145   105   242   409   0.62   4.75   4.48   4.11   4.21     107.29     306    
146   360   117   365   0.62   1.16   1.84   1.13   6.41       8.47      22    
147   421     0   496   0.61   1.18   0.00   0.80   3.26       4.97      11   
148   448   173   724   0.61   1.12   1.45   1.13   2.04       4.99      12    
149   527   154   441   0.61   4.84   7.59   4.79   8.14     207.57     623    
150   588   121   362   0.61   1.69   1.10   1.26   2.38       7.14      16    
151   522   143   350   0.61   6.05  11.69   5.44  12.70     290.79     857    
152   102   181   228   0.61   3.03   1.90   1.87   0.67       5.76      13    
153   143   243   279   0.61   0.75   2.69   1.26   2.06       5.08      12    
154   371   125   382   0.60   1.18   0.95   1.13   3.50       5.66      13    
155   519   340   380   0.60   1.35   1.39   1.38   4.39       4.54      11    
156   547     9   636   0.60   0.00   0.00   0.56   8.76       6.53      15    
157   596   128   358   0.60   6.06   3.68   3.87   5.79     102.92     326    
158   509    24   261   0.60   1.73   1.17   1.26   1.80       3.98      12    
159   391   106   239   0.60   2.30   2.77   1.87   1.89       6.06      15    
160   590   118   348   0.60   1.58   1.15   1.26   1.89       5.14      12    
161   354    74   501   0.59   5.42   7.11   5.17   4.21     129.02     402    
162   247   257   321   0.59   4.39   3.96   3.70   5.11      99.65     294    
163   554   306   722   0.59   1.44   1.56   1.26   2.72       5.52      14    
164    54   296   303   0.59   2.65   2.65   2.11   2.63      12.57      38    
165   526   261   289   0.59   2.06   2.84   1.87   0.00       5.44      11    
166   364    92   511   0.59   5.52   3.87   3.52   3.01      52.38     148    
167     2   270   636   0.58   0.00   -NaN   0.56   8.76       6.33      15    
168   276   369   237   0.58   3.67   5.37   3.48   6.37     105.41     290    
169    39   273   323   0.58   2.19   1.71   1.69   1.18       5.52      15    
170   444    58   209   0.57   1.59   1.43   1.38   5.76       7.60      20    
171   326   117   445   0.57   0.89   1.85   1.26   6.70       7.36      20    
172    41   217   412   0.57   3.84   1.66   1.87   2.38      11.29      30    
173   488   341   284   0.57   1.40   2.69   1.60   3.14      11.24      32    
174   555   104   360   0.57   3.17   2.41   1.78   3.48      15.84      42    
175    80   130   516   0.57   1.75   1.54   1.13   2.57       5.46      15    
176   589   126   360   0.57   4.35   2.88   1.78   4.17      15.39      44    
177    39   234   532   0.56   5.94   6.99   4.51   9.56     177.58     529    
178   554   169   224   0.56   2.52   1.72   1.60   2.40       4.60      12    
179   517   235   609   0.56   2.69   2.99   1.69   1.01       4.36      13    
180   211   275   221   0.56   1.00   0.66   0.98   6.97       6.44      17    
181   602   433   232   0.56   3.43   2.89   1.95   0.75       5.22      14    
182   256   234   551   0.56   3.08   1.71   1.38   1.84       4.24      11    
183   477   110   322   0.56   1.18   1.18   0.80   3.88       5.39      13    
184    67   163   725   0.56   0.00   0.81   0.80   8.20       7.07      18    
185   392    13   462   0.56   1.07   0.00   0.80   4.07       3.92      11    
186   496   106   346   0.56   1.54   1.68   1.26   2.62       5.62      15    
187   472   367   589   0.56   1.66   1.58   1.38   1.17       4.67      11    
188   359   128   469   0.56   7.40   6.14   5.61   8.80     342.90    1000    
189   149   192   332   0.55   1.38   2.57   1.38   2.85       6.85      19    
190    14   253   636   0.55   1.12   2.95   1.69   1.26       6.09      17    
191   566   275   686   0.55   0.00   0.00   0.56   8.76       6.02      15    
192   255   362   499   0.55   1.12   1.02   1.13   4.90       3.80      13    
193   155   364   701   0.55   2.23   3.19   1.78   1.03       6.28      15    
194    83   194   462   0.55   2.84   1.51   1.38   1.52       4.34      12    
195   473   151   583   0.55   1.71   1.63   1.38   3.56       4.53      12    
196   571   374   732   0.55   -NaN   -NaN   0.56   6.48       4.46      11    
197   428   168   452   0.55   2.41   1.52   1.49   3.56       9.17      27    
198    13   171   467   0.55   2.77   2.00   1.78   0.52       4.41      11    
199   607   297   213   0.55   2.27   1.18   0.98   3.89       3.81      12    
200    60   178   564   0.54   1.17   1.44   1.26   3.03       3.74      11    
201   592   365   247   0.54   -NaN   0.00   0.56   8.75       5.90      15    
202   457   284   638   0.54   0.00   0.70   0.80   7.48       5.45      14    
203   480   311   715   0.54   0.00   0.69   0.80   8.57       5.65      14    
204   244   219   547   0.54   1.17   3.22   1.49   1.77       4.69      15    
205   595   163   298   0.54   2.13   1.85   1.69   0.83       4.94      12    
206   170   373   261   0.54   -NaN   -NaN   0.56   8.75       5.85      15    
207   136   150   567   0.54   1.67   2.24   1.60   1.14       5.20      14    
208    66   151   551   0.54   1.18   1.18   1.13   2.16       3.86      11    
209    64   328   245   0.54   2.42   0.67   1.26   1.94       3.58      11    
210   419   366   280   0.54   1.57   2.24   1.69   1.50       7.92      20    
211   429   185   233   0.53   2.65   2.39   1.69   1.17       4.36      11    
212   142   330   211   0.53   0.00   0.00   0.56   7.13       4.85      12    
213   324   163   471   0.53   3.12   3.10   2.39   4.16      28.96      89    
214   310   109   218   0.53   1.71   -NaN   0.98  10.56       7.41      19    
215   293   230   224   0.53   0.00   0.64   0.80   8.39       6.32      16    
216   170   373   512   0.53   0.00   -NaN   0.56   8.76       5.80      15    
217   215   215   546   0.53   1.22   1.50   1.26   2.23       4.37      12    
218   593   342   717   0.53   1.89   2.34   1.87   0.85       6.17      14    
219    79   146   379   0.53   2.51   3.08   1.78   0.72       4.87      12    
220   486   100   450   0.53   0.00   0.00   0.56   8.35       5.63      14    
221    11   196   623   0.53   1.71   2.36   1.69   0.87       3.97      11    
222   511   143   438   0.53   3.57   3.75   2.59   4.58      51.22     144    
223   362   371   715   0.53   -NaN   0.00   0.56   8.76       5.78      15    
224   498   291   556   0.53   2.04   1.77   1.26   4.78       4.23      11    
225   558   230   499   0.53   3.59   2.67   2.33   0.88       6.67      19    
226   527    92   331   0.53   1.31   1.09   1.13   3.98       5.95      15    
227   454   121   356   0.53   1.18   1.89   1.13   2.95       6.65      18    
228   381   115   425   0.53   1.05   2.11   1.38   8.08      13.60      36    
229    95   301   510   0.53   2.36   2.29   1.38   3.48       3.80      11    
230    61   236   719   0.53   -NaN   0.00   0.56   7.88       5.34      13    
231   374    18   505   0.52   1.17   1.18   1.13   3.90       8.92      24    
232   546    93   390   0.52   2.72   1.58   1.38   4.64      13.22      38    
233   137   285   539   0.52   1.74   2.18   1.26   2.88       6.21      17    
234   240   183   446   0.52   3.78   6.23   3.83   3.66      77.23     236    
235   362   371   464   0.52   0.00   0.00   0.56   7.88       5.30      13    
236   592   365   498   0.52   -NaN   -NaN   0.56   7.88       5.29      13    
237   365   319   706   0.52   -NaN   -NaN   0.56   7.88       5.28      13    
238   282   370   203   0.52   0.00   0.00   0.56  10.69       7.01      18    
239    97   334   262   0.52   6.55   3.44   3.34   3.86      43.77     132    
240   365   319   455   0.52   0.00   0.00   0.56   7.88       5.25      13    
241   384   145   365   0.52   2.71   2.61   2.11   3.13      21.65      68    
242   122   297   525   0.52   1.01   1.15   1.13   3.14       4.12      11    
243   326   120   698   0.52   0.62   0.68   0.98   7.19       5.64      15    
244    18   369   210   0.51   1.02   0.89   1.13   6.24       6.82      17    
245   416   242   450   0.51   3.32   3.08   2.76   6.24      58.84     197    
246   382   103   489   0.51   2.37   3.18   2.03   2.47      15.87      47    
247   609   129   336   0.51   -NaN   2.39   1.13   7.00      12.36      36  
248    27   366   302   0.51   1.69   1.51   1.49   3.00       6.75      19    
249   280   372   234   0.51   0.98   2.09   1.13   4.05       6.95      21    
250   529    25   262   0.51   0.65   0.00   0.80   7.54       5.65      14    
251   395   360   239   0.51   1.51   1.60   1.26   4.40       4.71      13    
252   566   275   435   0.51   0.00   0.00   0.56   7.88       5.17      13    
253   446   363   213   0.51   1.16   1.16   1.13   3.86       8.51      22    
254   293   230   475   0.51   0.00   0.00   0.56   7.88       5.16      13    
255   503   319   224   0.51   -NaN   1.14   0.80   5.62       6.53      17    
256   505   285   723   0.51   0.00   -NaN   0.56   7.88       5.15      13    
257   593   108   689   0.51   0.00   0.00   0.56   7.88       5.15      13    
258   362   115   367   0.51   1.88   1.61   1.13   5.41       5.55      16    
259    19   218   423   0.51   2.36   2.52   1.60   1.93       4.67      14    
260   549   106   656   0.51   0.00   0.00   0.56   7.88       5.14      13    
261   557     9   182   0.51   -NaN   0.00   0.56   8.95       5.75      15    
262    30   128   513   0.51   -NaN   0.00   0.56   7.88       5.13      13    
263    15   306   636   0.51   0.00   0.00   0.56   7.88       5.12      13    
264   492   174   437   0.50   4.33   2.20   2.33   3.58      25.75      79    
265   563   360   268   0.50   -NaN   0.00   0.56   7.88       5.11      13    
266   353   122   477   0.50   1.18   3.26   1.49   3.25      10.94      32    
267   299   159   337   0.50   1.39   1.90   1.38   3.14       6.90      19    
268   314   184   524   0.50   1.16   1.12   1.13   3.78       6.77      21    
269   563   360   519   0.50   0.00   0.00   0.56   7.88       5.08      13    
270    19   365   268   0.50   1.89   1.62   1.26   3.18       7.05      19    
271   492    93   323   0.50   1.15   -NaN   0.80   4.57       4.62      13    
272   214   214   449   0.50   3.58   3.29   2.82   4.70      57.41     172    
273    61   236   468   0.50   0.00   0.00   0.56   7.88       5.06      13    
274   549   106   405   0.50   0.00   0.00   0.56   7.88       5.06      13    
275   566    49   300   0.50   1.58   0.91   1.13   2.79       3.68      11    
276   390   294   455   0.50   2.52   2.86   1.78   1.09       5.59      16    
277   385   120   653   0.50   0.65   0.89   0.98   7.16       5.47      15    
278   145   324   543   0.50   1.18   2.12   1.38   1.26       3.78      11    
279    91   343   665   0.50   2.03   1.40   1.38   5.43       5.41      16    
280   443   245   714   0.50   2.16   3.09   2.19   0.00       6.07      15    
281   468    52   582   0.50   0.63   2.36   1.26   6.96       5.93      17    
282   280   366   275   0.50   1.33   2.90   1.49   3.30      10.62      31    
283   529   216   452   0.50   1.18   1.78   1.13   2.86       3.86      12    
284   558   181   469   0.50   1.07   1.43   1.13   2.79       4.72      14