Ncl     x     y     v  Tpeak  FWHMx  FWHMy    R    FWHMv     Sum(T)    Npix
1   477   224   631   3.58  14.34  23.56  15.85  16.04    7591.61   10158    
2   257   108   591   3.55  32.25  28.53  23.76   9.45   11821.67   15969    
3   260   111   580   3.35  21.22  12.85  18.77   9.57    7377.00    9379    
4   475   262   543   3.30  20.84  10.82  13.87   7.49    4035.45    5211    
5   184    82   600   3.22  25.86  13.84  17.17   9.44    7658.04    9779    
6   358   298   543   3.22  41.54  38.61  38.90  15.92   39407.81   59608    
7   428    45   395   2.81   9.92   2.63   4.95   8.37     830.96    1019    
8   205   337   549   2.79  16.56  15.18  16.86   7.46    4228.76    7338    
9   110   352   681   2.62   9.12  14.16  11.33  13.90    3399.86    5811    
10   406   245   651   2.46   7.61  11.87   8.74   8.68    1684.97    2688    
11   100    98   588   2.42  11.90   8.24  12.18  11.03    2682.05    4616    
12   593   219   626   2.36   6.83   7.38   6.89   6.57    1040.47    1542   
13   201   275   629   2.33  18.01   9.27   9.90  11.35    2341.30    3995    
14   210   268   673   2.25  32.02  14.11  15.76  21.54    5502.03   10317    
15   293   168   525   2.19  25.75  14.69  14.81   6.61    2371.23    4393    
16   545   294   560   2.18   9.19   9.28   9.62   5.62    1396.15    2416    
17   510   248   644   2.15   7.48  12.65   9.84  10.77    2011.68    3622    
18   109   468   588   2.14  12.25   8.65  10.88  11.29    2126.36    3808    
19   329    54   384   2.08   6.53  12.69   8.72   6.41    1166.10    1851    
20   435   150   550   2.08  17.24  23.90  15.53  14.40    6190.90   10385    
21   320   366   659   1.93  58.35  22.46  23.23   8.68    6025.43   13291    
22   507   355   601   1.81   5.88   6.07   6.38   6.89     782.52    1291    
23   327   245   648   1.78  26.51   6.72  12.80   5.56    2316.03    3984    
24   574   177   539   1.67  12.35  20.33  12.79   6.82    2050.97    4252    
25   597   345   541   1.67   4.06   5.60   4.18   3.57     154.98     305   
26   459   253   687   1.61   5.21   7.30   4.85   5.61     395.09     595    
27   230    96   468   1.56   9.51   5.77   7.61   5.06     610.39    1198    
28   112   409   567   1.49  10.01  12.07  10.22   8.90    1440.06    3069    
29   408    69   510   1.47  10.22   5.61   7.29   5.45     648.03    1288    
30    13   293   564   1.46   8.92   6.01   7.25   3.79     436.74     876    
31    67   238   660   1.39   7.67   6.02   8.16   8.29     810.96    1745    
32    90   288   654   1.35  12.44  13.15  11.91  18.67    2830.84    5979    
33   417   150   524   1.31   7.73  18.63   9.74   5.43     864.76    1954    
34   168   337   655   1.29  20.98   9.58  10.85   9.00    1336.60    2882    
35    43   262   377   1.29   5.90   4.36   4.72   5.67     265.90     547    
36    44   485   635   1.26  12.53   5.17   7.20   7.01     684.16    1468    
37   326   165   523   1.24  15.79   9.81   9.24   4.65     875.93    1796    
38   424   246   375   1.24   9.37  11.24   9.44  16.08    1378.88    3074    
39   539   220   382   1.22  15.76  23.46  11.14   9.34    1580.63    3659    
40   115   238   654   1.21   6.99   5.94   7.14   7.42     634.34    1486    
41   505   177   538   1.21   5.57   6.07   5.59   5.25     321.95     686    
42   127   392   694   1.20  13.09   9.63   8.56  15.81     990.40    2708    
43    44   114   637   1.20  11.09   7.07   9.32   7.52     981.14    2390    
44   248    46   597   1.20  11.13  11.21   8.63   8.90    1167.62    2548    
45   523   142   293   1.17   1.15   1.03   0.98   5.83       7.74      17    
46   398   226   328   1.15   6.79   8.06   7.20   8.93     960.31    1918    
47   554   322   518   1.13   5.79   4.45   4.98   5.62     255.01     593    
48   313    83   391   1.12   8.40   7.85   6.58   5.12     334.65     840    
49   239    52   521   1.11   9.27   6.84   7.36   3.23     405.06     834    
50   135   356   687   1.11   5.39   7.75   6.10  13.20     698.86    1576    
51     5   266   639   1.11   1.95   4.62   2.11   6.92      49.60     109    
52   597   417   643   1.09   2.27   6.54   3.57   4.57     127.03     265   
53    96   126   584   1.08   6.67   5.35   6.18   5.91     387.37     982    
54   488   224   684   1.07   5.16   5.89   4.89   5.40     207.72     474    
55    73   297   624   1.04   4.57   4.23   4.18   4.36     174.31     360    
56   358   376   620   1.03   5.93  10.89   6.02   7.88     445.27    1112    
57   579   215   621   1.02   7.06   7.13   6.31   5.98     429.57    1003    
58     4   271   639   1.02   3.17   7.91   3.83   6.44      80.35     255   
59   298   260   653   1.02   7.33   7.59   7.18   5.96     398.99    1013    
60    74   303   415   1.02   6.84  17.75   9.42  10.39     709.13    1806    
61    99   266   744   1.01   1.99   1.05   1.13   1.85       5.94      10    
62   212   208   528   1.01  14.65  13.11  10.05   4.41     597.49    1535    
63   143   285   396   1.01   5.58   5.40   5.64   5.98     299.87     743    
64   458   277   688   1.00   8.68   7.32   7.16   8.84     705.32    1607    
65   370    61   392   0.99   6.06   5.36   5.20   5.09     260.44     584    
66   385    46   532   0.98   4.77   6.21   4.03   3.22     119.98     244    
67   592    75   355   0.98   2.35   1.46   1.49   0.46       5.28       8    
68    78   266   346   0.95   1.13   1.00   0.98   1.27       3.38       7    
69   348   226   566   0.95   4.87   8.09   5.75   3.85     248.98     587    
70    73   266   551   0.95   3.18   3.99   2.39   4.14      34.06      72    
71    90   114   636   0.94   8.30   8.03   8.14  10.82     606.19    1782    
72   114   278   401   0.94   8.36   6.83   7.18   7.82     603.33    1492    
73   381   185   672   0.94   4.23   7.46   5.14   3.67     179.04     425    
74   527   443   320   0.93  17.52   7.88   9.71  13.07    1087.77    2750    
75   257    48   522   0.93  13.14  11.03   7.96   9.57     380.14    1053    
76   520   365   600   0.92   5.45   5.77   5.23   3.81     161.12     414    
77   336    65   402   0.90   6.16   3.81   4.15   3.75     116.93     276    
78   124   334   414   0.90   5.53   4.38   4.75   3.90     161.71     385    
79   591   154   303   0.88   1.18   1.18   1.13  14.86      28.68      51    
80   486   258   695   0.88   3.82   5.06   3.83   4.46     137.22     320    
81   403   260   653   0.88   7.26  10.09   7.25   6.68     449.33    1171    
82    33   265   396   0.87   1.18   1.82   1.13   1.34       4.34       9    
83    86   265   582   0.87   1.18   0.00   0.80   1.51       2.65       6    
84   313    52   335   0.86   2.82   2.30   1.49   1.09       5.41       9    
85   465   384   596   0.86   8.52   7.48   6.08   6.72     274.12     761    
86   455   132   538   0.86   1.83   1.75   1.26   2.82       6.92      15    
87   556    52   321   0.85   1.18   2.54   1.38   0.00       3.93       6    
88   358   349   646   0.85   6.80   6.40   5.26   5.11     180.38     519    
89   324   164   486   0.85   1.84   1.60   1.26   2.86       8.81      18    
90   300   386   657   0.85   7.17   5.86   6.33   4.84     276.29     739    
91     5   269   677   0.84   1.11   1.14   0.98   1.08       3.40       6    
92   528    46   383   0.84   3.28   2.53   2.11   4.36      46.52      96    
93   173   269   377   0.83   0.89   3.00   1.26   1.81       3.71       7    
94   438   137   508   0.83   1.66   1.14   1.13   2.00       5.87      12    
95   444   258   686   0.83   3.94   7.52   3.83   5.53     122.55     289    
96   456   123   469   0.82   1.84   2.47   1.38   2.17       3.61       7    
97   452   149   434   0.82   1.17   2.49   1.26   1.18       5.24       9    
98   170   278   676   0.82   6.75  10.19   7.33   7.92     677.31    1737    
99   592    46   550   0.82   1.18   0.00   0.80   1.56       2.95       6    
100   119   271   793   0.81   0.00   1.81   0.98   1.91       4.13       9    
101   589    83   622   0.81   2.24   1.83   1.78   1.11       8.26      16    
102   187   264   782   0.81   1.14   1.06   0.98   1.14       3.55       6    
103   590   159   550   0.80   1.09   1.10   0.98   1.34       3.17       6    
104   462   170   475   0.80   1.11   2.65   1.38   1.16       3.43       6    
105   460   170   531   0.80   1.09   2.23   1.38   0.56       4.03       7    
106    63   266   431   0.79   1.15   1.16   1.13   1.67       5.68      11    
107   594   278   519   0.79   1.79   3.14   1.69   5.55      12.28      26    
108   438   164   523   0.79   1.74   1.58   1.38   1.15       4.98      11    
109   501   123   658   0.78  10.18   8.13   5.56   4.93     219.44     541    
110    87   266   795   0.78   -NaN   2.85   1.13   1.19       3.69       8    
111   451   130   537   0.78   1.06   0.79   0.98   3.90       5.25      10    
112   492   154   540   0.78   1.59   1.85   1.38   0.00       3.99       6    
113   453    52   510   0.78   1.10   1.07   0.98   1.17       3.53       6    
114   448   129   536   0.78   1.06   2.12   1.26   5.01       8.43      23    
115   484   136   543   0.78  11.15   4.64   5.23   6.64     314.34     736    
116   122   245   555   0.77   9.03   5.49   6.98   3.22     199.34     557    
117   581   308   525   0.77   3.51   4.32   3.19   4.08      53.16     145    
118   458   367   590   0.77   3.39   3.67   2.82   2.67      27.61      88    
119   265   487   404   0.77   2.71   -NaN   1.13   1.04       3.09       6    
120   596   398   442   0.77   0.00   1.17   0.80   1.60       2.67       6    
121   591   128   511   0.77   1.48   1.80   1.13   0.89       3.12       6    
122    43   271   376   0.77   1.09   1.12   0.98   1.81       4.28       9    
123   219   264   584   0.76   1.11   1.13   0.98   1.13       2.90       6    
124   176   321   644   0.76   4.93   6.01   5.17   4.59     185.53     520    
125   592   147   605   0.76   1.18   2.51   1.13   1.15       3.50       7    
126   507   129   624   0.76   1.14   1.62   1.13   1.50       3.53       7    
127   168   269   584   0.76   0.00   1.15   0.80   2.85       3.65       7    
128    38   271   376   0.75   1.14   1.09   1.13   4.80       7.45      17    
129    14   271   636   0.75   0.00   1.09   0.80   2.42       3.47       8    
130    79   271   420   0.75   1.08   2.75   1.49   1.72       5.48      15    
131   284   264   549   0.75   2.25   1.14   1.49   2.33       7.24      18    
132   322   256   370   0.75   4.95   9.41   6.10   5.58     250.16     721    
133   142   271   431   0.75   -NaN   0.00   0.56   3.35       3.08       6    
134    96   271   554   0.75   3.52   2.79   1.78   3.60      21.46      52    
135   330   164   486   0.74   1.84   1.06   1.13   2.15       5.76      14    
136   352   342   550   0.74   4.73   3.27   3.61   2.63      57.12     156    
137   198   264   773   0.74   1.17   -NaN   0.80   1.96       3.68       7    
138   524    80   422   0.74   1.83   1.16   1.38   0.80       3.82       8   
139   596   287   520   0.74   1.51   1.18   1.26   3.23       8.36      18   
140   570    50   344   0.73   1.17   1.65   1.26   0.63       2.97       6    
141   596   408   642   0.73   1.42   1.17   1.26   4.24      10.29      22   
142   590    67   710   0.73   1.05   1.15   0.98   1.17       3.31       6    
143   458   159   556   0.73   1.49   2.58   1.60   0.54       4.95       9    
144   546   144   589   0.73   1.79   1.17   1.26   0.74       3.63       7    
145   438   147   587   0.73   0.00   0.00   0.56   8.12       7.36      14    
146   250   269   663   0.73   3.72   1.80   1.60   5.48      11.59      29    
147   548   189   534   0.73   5.94   7.49   5.26   4.06     170.68     433    
148    84   271   554   0.73   4.40   3.22   2.59   5.12      48.09     125    
149    99   271   652   0.73   0.00   1.17   0.80   4.70       7.14      16    
150   538    91   313   0.73   1.18   2.68   1.13   0.87       2.96       6    
151   547   157   373   0.72   1.80   0.95   0.98   1.23       2.72       6    
152   327    93   392   0.72   9.45  14.51   8.06   6.35     310.07     901    
153   525   272   651   0.72   1.18   1.15   1.13   0.83       2.92       6    
154   280   264   698   0.72   0.94   1.78   0.98   1.31       2.60       6    
155   518   126   452   0.72   2.10   2.19   1.78   0.44       5.53      11    
156    82   372   404   0.71   5.61   6.43   5.59   3.81     155.52     448    
157   104   269   798   0.71   0.00   1.18   0.80   1.60       2.57       6    
158   498   513   299   0.71   -NaN   1.13   0.80   3.29       4.79      11    
159   141   312   640   0.71   3.78   5.70   4.07   4.53     108.41     314    
160   540   161   802   0.71   1.09   0.51   0.98   9.38      11.14      23    
161   131   371   690   0.71   4.41   5.71   4.92   6.94     200.09     602    
162    33   270   338   0.71   1.76   0.00   0.98   1.32       3.15       6    
163   197   264   563   0.71   1.12   1.95   0.98   1.51       3.17       8    
164   454   143   542   0.71   1.12   1.60   1.38   3.92       6.98      14    
165   513   123   653   0.71   2.43   3.00   1.69   1.54       8.54      19    
166   440   350   315   0.71   1.69   1.52   1.38   0.00       2.95       6    
167   550   188   495   0.70   1.17   1.18   1.13   0.87       2.82       6    
168   510    58   655   0.70   2.41   1.44   1.49   0.53       3.89       8    
169   493    92   445   0.70   2.22   1.31   1.38   0.00       3.21       6    
170   575   121   482   0.70   1.59   1.69   1.38   0.00       3.24       6    
171   180   269   596   0.70   1.52   2.53   1.49   7.26      22.64      52    
172   356   165   481   0.70   1.95   1.74   1.26   0.86       3.43       7    
173   268   269   595   0.70   2.21   3.95   1.95   1.39       9.92      24    
174   444   300   688   0.70  14.92  16.52   9.89   6.31     728.76    2128    
175    61   266   402   0.70   1.04   1.17   0.98   1.47       2.78       7    
176   478   160   403   0.70   1.10   2.07   1.38   0.00       3.35       6    
177   469    49   364   0.70   1.62   2.59   1.38   0.00       3.96       6    
178   567   157   535   0.70   1.12   2.66   1.49   0.99       4.97      11    
179   584    79   807   0.70   0.00   1.18   0.80   2.01       2.61       6    
180   595   354   552   0.70   1.88   3.36   1.87   2.43      11.54      29   
181   252   271   624   0.70   1.11   1.81   0.98   1.72       3.77       9    
182   148   265   496   0.70   0.00   1.92   0.98   1.01       2.74       6    
183   572   270   738   0.70   2.14   1.80   1.60   0.00       4.15       8    
184   478    50   589   0.69   0.76   1.86   1.13   1.43       3.62       9    
185   451   144   548   0.69   1.65   0.56   1.13   4.79       9.25      19    
186   541   116   550   0.69   1.59   1.62   1.38   0.00       3.64       6    
187   450   149   376   0.69   1.60   1.06   0.98   2.71       5.07      11    
188   466   151   314   0.69   1.64   1.73   1.49   0.00       4.27       7    
189   531   277   713   0.69   2.83   3.22   1.87   3.50      16.07      44    
190   455   196   371   0.69   2.36   1.61   1.38   0.00       3.34       6    
191   239   269   699   0.69   1.07   1.10   0.98   3.41       8.02      17    
192    89   262   400   0.68   1.18   -NaN   0.80   1.72       2.91       6    
193   470   111   322   0.68   1.51   2.74   1.49   0.00       3.76       7    
194    93   263   324   0.68   1.09   1.89   0.98   1.08       2.73       6    
195   546   153   525   0.68   1.96   1.81   1.13   1.18       3.21       6    
196   585   137   698   0.68   0.94   1.93   1.13   1.05       3.38       7    
197   101   264   367   0.68   1.13   1.44   1.13   1.46       3.74       9    
198   592   109   298   0.68   -NaN   0.52   0.80   5.56       5.03      11    
199   175   269   674   0.68   -NaN   1.18   0.80   1.64       2.49       6    
200   596   292   730   0.68   1.95   1.70   1.26   2.36       3.99       8   
201   112   271   623   0.68   -NaN   1.13   0.80   2.14       3.11       7    
202   493    63   791   0.68   1.17   1.74   1.26   0.65       3.06       6    
203   432    49   315   0.67   1.02   2.92   1.38   0.94       3.95       8    
204   253   264   656   0.67   1.83   1.75   1.38   4.42       8.76      20    
205   420   221   658   0.67   4.75   5.54   3.39   5.37      52.57     159    
206   120   262   693   0.67   0.00   1.96   0.98   1.50       3.32       7    
207   157   263   549   0.67   1.10   1.10   0.98   1.34       2.76       7    
208   164   140   664   0.67   4.84   8.60   5.73   4.06     173.90     526    
209   271   373   648   0.67   8.74   7.91   6.15   3.94     141.36     465    
210   556   161   788   0.67   0.86   0.00   0.80   4.28       4.21       9    
211   487   389   688   0.66   2.34   3.38   1.87   0.00       4.55      11    
212   108   269   690   0.66   1.15   1.76   1.26   0.78       3.38       7    
213   550    49   438   0.66   1.87   3.20   1.78   0.00       6.08      10    
214   443   158   522   0.66   1.18   0.00   0.80   1.56       2.37       6    
215   460   154   298   0.66   -NaN   0.00   0.56   6.92       5.67      12    
216   536   303   524   0.66   5.27   3.66   3.87   7.31     144.82     413    
217   441   198   555   0.66   2.54   1.13   1.38   1.46       5.34      13    
218   490    53   586   0.66   1.38   1.71   1.26   0.97       3.58       8    
219     5   257   630   0.66   1.16   1.62   1.26   0.70       3.02       6    
220   156    40   487   0.66   0.00   0.00   0.56   8.76       7.20      15    
221   450   224   640   0.66   1.65   1.42   1.38   1.22       4.32      10    
222   508    50   342   0.66   1.09   2.28   1.26   1.78       4.26      10    
223    80   262   555   0.66   0.00   0.00   0.56   3.92       3.13       7    
224   504   168   367   0.66   2.45   1.10   1.13   1.15       3.18       6    
225   584   121   383   0.66   1.00   1.75   1.13   1.90       5.01      12    
226    13   269   516   0.66   1.71   1.14   1.26   0.97       3.85       8    
227   577   139   723   0.66   1.15   1.78   1.13   0.89       2.65       6    
228   468   121   306   0.66   1.89   1.90   1.26   1.03       3.41       7    
229   127   259   371   0.65   1.17   1.18   1.13   1.15       2.98       7    
230    72   264   341   0.65   2.14   0.94   1.13   1.63       3.28       7    
231   147   263   693   0.65   1.15   3.57   1.38   0.88       4.26       8    
232   452   133   781   0.65   1.69   2.04   1.26   1.04       3.68       8    
233   503   317   614   0.65   4.98   3.96   3.83   3.95      88.52     249    
234   505   197   768   0.65   1.62   1.13   1.26   0.62       2.88       6    
235   267   267   742   0.65   2.71   1.90   1.26   1.57       4.32      10    
236   444   261   538   0.65   1.59   1.71   1.49   4.30      13.16      35    
237   517   149   639   0.65   1.17   2.36   1.38   2.72       9.16      23    
238   229   266   685   0.65   1.69   1.09   0.98   2.51       3.70      10    
239   140   269   582   0.65   1.08   1.93   0.98   1.17       2.96       6    
240    11   269   646   0.65   1.69   1.69   0.98   2.87       4.65      11    
241   592    78   726   0.65   1.18   1.18   1.13   0.92       2.83       6    
242   157   266   617   0.65   0.00   1.18   0.80   1.59       2.34       6    
243   492   133   558   0.65   1.18   1.88   1.38   0.00       3.30       6    
244   182   270   596   0.65   1.14   1.03   0.98   2.39       4.92      11    
245   456   174   778   0.65   1.86   1.60   1.38   0.00       3.28       6    
246   459   170   397   0.64   -NaN   1.74   0.98   3.32       3.76       9    
247   584    55   387   0.64   2.14   2.96   1.38   1.15       4.65      10    
248   525   146   676   0.64   0.81   1.99   1.13   0.94       2.52       6    
249   550   157   299   0.64   1.44   1.16   0.98   7.93       9.55      21    
250   367   178   556   0.64   8.03   5.11   5.53   5.56     211.74     606    
251   389   188   559   0.64   5.62   5.20   3.48   3.96      53.85     157    
252   539    49   313   0.64   0.94   2.41   1.26   0.75       3.20       6    
253   506   321   387   0.64   1.56   1.71   1.49   0.00       3.39       7    
254   502   276   633   0.64   1.98   1.16   1.38   0.96       3.56       8    
255    20   410   565   0.64   4.18   5.48   4.41   4.57     128.01     369    
256   453   110   542   0.64   1.11   1.79   1.26   2.39       8.59      19    
257   473    62   693   0.64   1.85   1.18   1.38   0.00       3.12       6    
258   591    47   725   0.64   1.18   1.73   1.26   0.81       3.50       7    
259   551    45   464   0.64   1.14   1.10   0.98   1.11       2.49       6    
260    13   264   348   0.64   1.04   1.15   0.98   1.57       3.34       8    
261   362   172   447   0.64   1.58   1.81   1.26   1.05       3.52       8    
262   589   321   536   0.64   3.44   3.03   2.03   4.88      18.42      56    
263   595    96   326   0.64   1.64   3.14   1.60   0.00       4.20       8    
264   193   262   783   0.64   1.18   0.78   0.98   1.62       2.75       6    
265   556   101   630   0.63   1.10   1.15   0.98   1.16       2.36       6    
266   592   189   430   0.63   0.78   2.43   1.13   1.90       4.66      10    
267   166   266   398   0.63   1.64   2.50   1.38   1.17       4.63      11    
268   457   216   628   0.63   2.46   2.01   1.49   1.94       7.36      18    
269   403   165   505   0.63   1.10   1.17   1.13   1.88       3.86       9    
270    99   262   724   0.63   2.29   0.91   1.13   2.22       3.81       9    
271   566   172   474   0.63   2.24   3.95   2.19   2.70      24.93      62    
272   550   118   371   0.63   1.58   1.63   1.38   0.00       3.21       6    
273   353   510   487   0.63   1.60   2.30   1.49   0.00       3.35       7    
274   262   270   580   0.63   1.13   1.11   0.98   1.38       2.94       7    
275    41   258   779   0.63   1.60   1.49   1.38   0.85       3.34       8    
276    14   262   431   0.63   1.70   2.05   1.13   1.95       4.15      11    
277   259    40   320   0.63   1.70   1.13   1.26   1.30       3.37       9    
278   530    50   380   0.63   1.59   2.13   1.38   4.37      15.06      35    
279   449    63   793   0.63   1.52   1.10   1.26   2.39       5.59      13    
280   441   160   593   0.62   -NaN   1.11   0.80   2.88       2.70       7    
281   550   159   344   0.62   1.16   1.07   0.98   2.10       4.25      10    
282   563   161   322   0.62   1.74   3.06   1.38   0.00       3.37       6    
283   523   147   636   0.62   1.28   2.34   1.26   3.57       9.79      24    
284   451   141   546   0.62   2.17   1.07   1.13   2.88       6.56      14    
285   465    63   310   0.62   2.31   1.17   1.49   0.97       4.86      11    
286   357    49   757   0.62   1.16   1.73   1.26   0.92       3.29       7    
287   520   142   634   0.62   1.57   2.05   1.49   2.98       5.16      10    
288    65   264   783   0.62   1.03   1.13   0.98   1.47       3.09       8    
289    15   264   398   0.62   1.14   1.94   1.13   1.87       4.50      11    
290   552   132   434   0.62   2.64   2.27   1.69   0.47       5.02      10    
291   458   219   469   0.62   2.21   1.43   1.38   0.96       3.32       8    
292   499   120   299   0.62   0.82   1.07   0.98   4.01       5.39      13    
293   482    50   391   0.62   -NaN   0.00   0.56   8.75       6.72      15    
294    77   269   553   0.62   1.68   1.91   1.38   2.15       8.49      21    
295   577    82   328   0.62   1.55   1.82   1.38   0.00       3.14       6    
296   329    47   801   0.61   0.87   1.16   0.98   6.66       5.14      13    
297   541    50   601   0.61   1.08   1.53   1.13   0.91       2.51       6    
298   504   159   385   0.61   0.90   2.33   1.26   3.45       9.80      23    
299   410   168   525   0.61   1.15   1.08   0.98   1.47       3.12       7    
300    95   263   673   0.61   1.15   1.18   1.13   1.27       3.46       8    
301   252   266   731   0.61   1.02   1.17   0.98   1.53       3.04       7    
302   508   163   383   0.61   1.62   1.16   1.26   0.62       2.93       6    
303   501   152   543   0.61   1.50   0.98   0.98   2.36       2.76       6    
304   498   130   660   0.61   3.99   3.64   2.33   3.84      37.14      93    
305   471    58   575   0.61   1.68   1.15   1.13   3.18       2.98       8    
306   589   326   538   0.61   3.97   2.73   1.78   4.90      13.93      37    
307   583   117   808   0.61   0.00   1.18   0.80   5.59       8.29      19    
308    60   258   334   0.61   1.03   1.91   1.26   3.24       3.35       8    
309   476   277   651   0.61   1.07   0.00   0.80   4.93       5.10      11    
310   499   126   619   0.61   2.10   2.17   1.38   1.86       6.52      16    
311   324   195   566   0.61   4.45   3.20   3.19   2.65      44.36     118    
312   282   269   546   0.61   1.89   2.60   1.38   5.22      10.01      24    
313   533   228   381   0.61   3.04   2.08   1.69   4.86      14.12      40    
314   280   269   562   0.61   0.99   1.71   1.13   1.40       3.48       9    
315   572   267   529   0.61   1.08   1.55   1.26   1.43       3.73       9    
316   546    52   548   0.61   1.17   1.78   1.38   1.74       6.09      15    
317   156    40   738   0.61   0.00   -NaN   0.56   8.76       6.62      15    
318   530   241   490   0.61   1.54   1.55   1.38   0.00       2.62       6    
319   142   263   673   0.61   1.94   1.89   1.49   0.78       4.25       9    
320    88   263   585   0.61   0.89   2.39   1.13   0.86       2.63       6    
321   535   376   605   0.61   5.06   3.58   3.83   3.69      80.67     237    
322   417   164   525   0.61   3.65   2.19   1.60   3.97      17.95      47    
323   523   144   637   0.61   0.00   0.00   0.56   3.55       2.74       6    
324   226   263   554   0.60   3.52   5.69   3.70   3.65      64.47     205    
325   105   375   327   0.60   9.48   4.39   5.41   6.53     189.89     595    
326    11   288   602   0.60   1.86   1.17   1.13   1.85       4.15      11    
327   132   273   304   0.60   0.00   1.86   0.98   1.17       2.98       6    
328   391    52   530   0.60   1.93   2.96   1.60   1.93       8.76      23    
329   450   509   490   0.60   2.03   2.90   1.26   1.16       3.34       8    
330   547   113   351   0.60   1.06   1.13   0.98   1.14       2.41       6    
331   101   252   554   0.60   5.78   6.83   5.81   3.80     164.77     516    
332   486   277   297   0.60   0.00   -NaN   0.56   5.77       4.29      10    
333   581   282   529   0.60   1.51   2.37   1.38   1.36       3.22       8    
334   452   255   689   0.60   1.18   1.18   0.80   4.23       5.72      14    
335   508   147   692   0.60   0.94   2.36   1.26   1.02       3.13       8    
336   512   147   489   0.60   1.13   4.52   1.69   0.00       4.41       9    
337   530   159   317   0.60   0.00   1.16   0.80   2.40       3.30       8    
338   169   268   676   0.60   -NaN   1.18   0.80   1.67       2.51       6    
339   449   209   586   0.60   1.16   1.18   1.13   0.94       2.69       6    
340   455   274   651   0.60   2.43   2.66   1.95   2.95      12.85      38    
341   150   273   423   0.60   1.17   1.45   1.13   1.11       3.15       7    
342   150   271   468   0.60   1.17   1.17   0.80   2.07       3.04       7    
343   532   161   807   0.60   1.18   1.89   1.26   4.40       7.91      19    
344   482    50   642   0.60   -NaN   0.00   0.56   8.76       6.49      15    
345   453   106   541   0.60   0.95   1.16   0.98   1.72       3.43       8    
346   369   208   555   0.59   3.96   2.62   2.26   1.79      11.00      33    
347   404   141   583   0.59   1.54   1.65   1.38   0.60       2.97       7    
348   424   303   553   0.59   7.10   5.25   4.75   6.04     121.76     408    
349   191   486   645   0.59   1.93   1.78   1.26   0.63       2.68       6    
350   596   295   632   0.59   3.73   5.47   2.99   3.28      43.15     115   
351    91   260   396   0.59   -NaN   1.17   0.80   1.73       2.29       6    
352   435    54   576   0.59   1.42   1.17   1.13   0.94       2.44       6    
353   409    54   405   0.59   1.69   3.35   1.26   3.72       5.89      17    
354   325   422   588   0.59   1.43   1.77   1.49   1.37       3.50       9    
355   414    54   406   0.59   1.95   1.06   1.13   1.69       4.29      11    
356   482   394   465   0.59   3.29   1.27   1.69   0.75       4.28      11    
357   495   134   561   0.59   1.09   1.16   0.98   2.03       4.17      10    
358   458   138   536   0.59   -NaN   0.00   0.56   3.49       2.58       6    
359    48   264   415   0.59   0.75   1.55   1.13   3.85       6.83      17    
360   269   268   449   0.59   0.97   2.83   1.38   1.35       4.90      12    
361   160   356   569   0.59  20.55   7.61   8.72   7.97     462.26    1660    
362   294   492   718   0.59   1.78   1.50   1.38   1.17       4.42      11    
363   463   131   539   0.59   1.17   1.17   1.13   1.19       3.05       7    
364   479    76   489   0.59   1.76   2.31   1.49   0.00       3.35       7    
365    95   353   406   0.59   5.81   3.20   3.66   2.31      45.35     136    
366   458   372   499   0.59   2.18   2.33   1.38   2.01       5.44      15    
367   101    61   657   0.59   5.41   4.77   5.29   6.48     176.12     549    
368   462    47   511   0.59   1.02   1.13   0.98   1.66       3.48       8    
369   593   230   393   0.59   1.11   1.10   0.98   1.18       3.00       6    
370   213   373   613   0.59   2.26   3.27   1.49   1.39       2.88       9    
371   213   416   619   0.59   3.97   4.75   3.99   5.36     129.08     377    
372    33   264   405   0.59   1.18   1.18   0.80   3.99       2.51       6    
373   450   250   530   0.58   1.17   1.11   0.98   1.25       2.40       6    
374    57   267   349   0.58   1.17   1.13   0.98   1.28       2.29       6    
375   452   397   626   0.58   1.11   1.18   1.13   1.33       2.94       8    
376    91   272   555   0.58   3.92   3.02   1.95   4.16      19.37      58    
377   489   114   784   0.58   1.48   1.53   1.38   1.31       4.36      11    
378    58   264   416   0.58   -NaN   1.18   0.80   1.73       2.45       6    
379   589   311   340   0.58   2.78   2.27   1.69   3.48      15.37      43    
380   314   157   674   0.58   1.10   1.13   0.98   1.12       2.24       6    
381   540   161   551   0.58   0.00   0.00   0.56   8.76       6.33      15    
382   453   234   511   0.58   1.14   1.08   0.98   1.13       2.62       6    
383    63   258   337   0.58   1.10   1.13   0.98   2.62       5.01      13    
384   409    49   625   0.58   2.20   2.19   1.38   0.00       3.09       6    
385   532   135   710   0.58   0.00   1.87   0.98   1.46       2.95       7    
386   514   234   632   0.58   2.62   4.25   2.33   6.00      26.39      77    
387   513   351   530   0.58   0.95   2.07   1.26   1.40       3.17       9    
388   412    49   403   0.58   2.79   2.13   1.49   3.68      14.44      35    
389   583    77   344   0.58   1.18   1.54   1.13   1.13       3.07       7    
390   522   102   704   0.58   1.63   1.65   1.13   1.07       2.67       6    
391   254   262   326   0.58   0.00   0.00   0.56   8.75       6.31      15    
392   548   282   763   0.58   2.32   1.09   1.38   0.00       2.68       6    
393   143   422   556   0.58   5.13   8.79   5.94   5.36     206.84     662    
394   370   164   336   0.58   0.00   -NaN   0.56   4.02       2.88       7    
395   578   196   529   0.58   2.18   3.66   1.49   6.26       7.72      21    
396   480   151   599   0.58   1.17   1.89   1.38   0.59       3.25       7    
397   412   173   599   0.58   1.61   1.00   1.13   2.50       4.50      11    
398   137   263   366   0.58   1.12   1.11   0.98   1.17       2.88       6    
399   497    74   307   0.58   -NaN   2.36   1.13   1.07       2.44       6    
400   449    65   812   0.58   1.67   1.86   1.60  13.71      29.58      72    
401   563   170   536   0.58   1.06   1.53   1.13   0.93       2.51       6    
402   213   485   484   0.58   2.05   1.80   1.38   0.97       3.77       9    
403   138   313   555   0.57   4.48   6.80   3.78   4.90      60.82     191    
404   478   146   802   0.57   0.97   1.64   1.13   0.94       2.67       6    
405   460   238   381   0.57   0.00   0.00   0.56   8.75       6.26      15    
406    78   269   566   0.57   -NaN   1.18   0.80   1.67       2.33       6    
407   183   311   551   0.57  10.67   6.03   6.82   4.58     241.82     827    
408   474   170   348   0.57   1.95   1.07   0.98   1.50       2.85       7    
409   158   106   588   0.57   3.56   4.42   3.09   3.45      46.51     139    
410   589   190   534   0.57   -NaN   1.18   0.80   2.35       3.48       8    
411   445    65   783   0.57   1.16   1.71   1.26   0.69       2.74       6    
412   122   263   338   0.57   1.66   1.11   1.13   3.24       3.96       9    
413   384   357   643   0.57  13.95   9.70   7.36   4.19     214.37     689    
414   183   416   624   0.57   1.08   1.86   1.26   2.13       4.37      13    
415   508   285   392   0.57   1.47   1.54   1.26   1.17       3.46      10    
416   466   110   771   0.57   1.37   1.55   1.38   3.49       4.63      11    
417   235    64   674   0.57   4.02   4.00   3.74   4.17      80.92     252    
418   588   175   532   0.57   1.40   1.46   1.38   3.13       6.60      16    
419   513   374   513   0.57   9.45  10.53   6.68   6.83     297.95     921    
420   418   168   600   0.57   -NaN   1.18   0.80   2.14       2.84       7    
421   493   149   805   0.57   1.06   1.13   0.98   5.23       9.54      23    
422   442   239   632   0.57   1.08   1.64   1.13   1.61       3.64       9    
423   525    91   726   0.57   1.91   0.83   1.13   1.16       3.30       7    
424   254   270   443   0.57   1.81   1.00   1.13   1.51       4.06       9    
425   346   169   515   0.57   1.13   1.09   0.98   1.41       2.48       6    
426   239   392   742   0.57   1.08   0.91   0.98   1.42       2.33       6    
427   570   272   558   0.57   1.11   1.11   0.98   1.45       2.96       7    
428   480   272   689   0.57   5.21   3.44   3.14   4.75      69.60     184    
429   347   165   523   0.57   0.95   2.09   1.26   1.99       3.92      11    
430   460   133   495   0.57   2.24   1.76   1.38   0.00       3.08       6    
431   388    49   498   0.57   1.78   -NaN   0.98   2.15       3.22       7    
432   570   144   707   0.57   1.15   1.18   1.13   1.11       2.95       7    
433    53   270   465   0.57   1.04   0.00   0.80   3.85       3.44       8    
434   490   322   709   0.57   3.43   4.11   2.65   3.14      28.79      90    
435   441   231   484   0.57   2.18   1.13   1.38   0.00       3.19       6    
436   585   237   625   0.57   2.11   4.44   2.46   3.73      37.21     101    
437   374    52   441   0.57   1.61   2.36   1.38   1.02       3.46       9    
438   314    78   489   0.57   1.60   2.13   1.49   1.18       5.10      14    
439   337   270   566   0.57   4.99   5.56   5.11   6.73     184.43     617    
440   223   262   519   0.57   1.41   2.37   1.60   2.18       6.94      23    
441   514   106   299   0.57   0.00   1.07   0.80   9.28       7.22      19    
442   514    52   660   0.57   0.00   0.00   0.56   3.49       2.47       6    
443    11   270   565   0.56   1.18   -NaN   0.80   1.65       2.17       6    
444   552   398   347   0.56   1.13   2.16   1.13   1.61       2.15       6    
445   535   134   610   0.56   -NaN   -NaN   0.56   8.76       6.15      15    
446   450   246   346   0.56   1.85   1.18   1.38   2.55       3.45       8    
447    89   269   599   0.56   2.22   1.98   1.60   1.54       7.15      17    
448    19   268   367   0.56   -NaN   1.18   0.80   1.67       2.35       6    
449   500   445   358   0.56   2.57   1.57   1.38   0.00       2.37       6    
450   503   240   378   0.56   1.49   2.35   1.60   6.18      29.46      77    
451   476   129   537   0.56   1.11   1.10   0.98   5.41       7.92      23    
452   597   298   534   0.56   0.70   1.03   0.98   5.43       5.24      13   
453   576    56   768   0.56   1.60   1.77   1.38   0.00       3.20       6    
454   465    86   510   0.56   0.00   1.17   0.80   1.73       2.24       6    
455   541    83   510   0.56   1.12   1.12   0.98   1.12       2.27       6    
456   535   134   359   0.56   -NaN   0.00   0.56   8.75       6.13      15    
457   596   155   570   0.56   1.57   1.93   1.38   2.30       4.11      10   
458   381   172   667   0.56   2.30   3.02   1.87   3.86      10.48      28    
459   185   406   605   0.56   3.01   2.70   2.11   0.50       6.09      15    
460   520   160   462   0.56   -NaN   1.83   0.98   1.34       2.19       6    
461   346   250   372   0.56   6.36   2.42   2.82   4.31      51.19     149    
462   274   486   645   0.56   2.92   2.35   1.69   1.91       7.12      20    
463   497    63   789   0.56   -NaN   1.82   0.98   1.42       2.27       6    
464   536   160   353   0.56   0.88   1.78   0.98   1.50       2.36       6    
465   469    86   398   0.56   1.01   0.77   0.98   5.43       3.28       9    
466   528    63   398   0.56   1.70   1.65   1.49   1.14       4.17      11    
467   207   487   386   0.56   1.94   1.12   0.98   1.17       2.33       6    
468   560    99   434   0.56   0.61   0.97   0.98   8.19       5.54      14    
469   103   268   403   0.56   -NaN   1.12   0.80   2.42       2.87       7    
470   449    79   599   0.56   0.00   1.16   0.80   2.42       1.81       6    
471   415   170   601   0.56   1.16   0.00   0.80   2.11       2.88       7    
472   242   225   534   0.56   6.54   5.46   5.20   3.56      99.97     317    
473   363    47   302   0.56   0.83   0.61   0.98   8.47       7.12      17    
474   462    87   532   0.56   0.00   2.21   1.13   1.55       3.47       9    
475   367   221   388   0.56   2.51   1.13   1.49   1.64       3.93      10    
476   430   170   519   0.56   0.00   1.18   0.80   4.48       5.76      15    
477   530   142   687   0.56   1.76   1.14   1.13   1.07       2.69       6    
478   551   170   535   0.56   1.02   1.60   1.13   2.18       5.40      14    
479   528   384   542   0.56   2.53   1.42   1.49   0.00       2.99       7    
480   128   326   561   0.56   5.97   4.92   4.44   3.60      84.30     276    
481   314   164   564   0.56   1.16   1.16   0.80   2.19       2.91       7    
482   541   443   802   0.56   1.58   1.13   1.26   4.20       3.28       9    
483   230   482   710   0.56   1.81   1.17   1.38   1.09       4.10      10    
484   506   141   338   0.56   1.11   1.10   0.98   1.34       2.31       6    
485   402   255   526   0.56   4.14   4.21   2.99   3.59      43.37     122    
486   274   309   677   0.56   4.26   5.44   4.41   4.64     108.33     365    
487   398   118   494   0.56   2.38   1.69   1.49   0.00       3.03       7    
488   289   497   369   0.55   0.92   2.63   1.26   1.65       4.23      11    
489   444   191   555   0.55   1.03   2.74   1.38   3.81       5.97      14    
490   366   499   734   0.55   1.77   2.26   1.69   0.00       3.81       9    
491   450   505   316   0.55   0.00   -NaN   0.56   7.57       5.22      13    
492   557   152   434   0.55   -NaN   -NaN   0.56   8.75       6.04      15    
493   261   457   779   0.55   1.59   0.90   1.13   1.01       2.27       6    
494   432   243   542   0.55   1.91   1.52   1.38   0.00       2.80       6    
495   557   110   299   0.55   0.00   0.00   0.56   3.45       2.43       6    
496   593   213   588   0.55   0.00   -NaN   0.56   4.25       3.06       7    
497   417   169   523   0.55   0.00   1.18   0.80   3.58       4.85      12    
498   208   315   684   0.55  11.43   5.65   7.61  12.86     769.22    2449    
499   443   426   657   0.55   1.41   2.97   1.69   0.00       4.28       9    
500   254   262   577   0.55   -NaN   0.00   0.56   8.76       6.03      15    
501   466   198   346   0.55   1.11   1.18   0.98   2.90       3.20       9    
502   554    74   656   0.55   0.99   1.65   1.26   2.23       4.18      11    
503   340   210   567   0.55   2.00   2.29   1.78   1.97       9.76      28    
504   491   166   603   0.55   1.77   1.73   1.38   1.32       5.01      12    
505   413   235   575   0.55   1.69   1.55   1.38   1.38       3.14       8    
506   526   253   639   0.55   2.40   3.12   2.19   2.25      16.07      46    
507   426   168   593   0.55   -NaN   1.16   0.80   5.08       6.10      15    
508   284   262   415   0.55   1.17   0.00   0.80   1.65       2.11       6    
509   490   144   296   0.55   1.61   1.17   1.13   7.57      10.86      27    
510   446   107   459   0.55   2.34   0.96   1.26   1.85       3.26       9    
511   562   165   745   0.55   1.98   1.80   1.13   1.45       3.14       8    
512    87   259   782   0.55   1.17   1.18   1.13   1.18       3.83       8    
513   504   235   379   0.55   2.90   3.34   2.39   7.79      64.13     183    
514   490   202   681   0.55   1.93   1.14   1.38   1.82       4.66      13    
515   557   152   685   0.55   0.79   1.23   0.98   9.87       6.89      17    
516   340   469   794   0.55   1.18   2.44   1.38   0.00       2.58       6    
517   565   253   652   0.55   6.26   4.73   4.41   5.90     184.86     518    
518   144   263   448   0.55   -NaN   1.18   0.80   2.20       3.16       8    
519   511   236   390   0.55   2.26   2.14   1.38   3.06       5.72      16    
520   545   167   344   0.55   1.06   1.68   1.13   0.96       2.52       6    
521   492    99   659   0.55   1.15   2.71   1.38   1.02       3.64       9    
522   571    92   541   0.55   1.18   1.68   1.13   1.14       2.91       8    
523   224   477   776   0.55   1.60   1.62   1.26   1.88       4.49      13    
524   586   268   529   0.55   1.17   3.81   1.49   3.93      12.79      32    
525   588   268   527   0.55   0.00   0.00   0.56   4.05       2.75       7    
526   160   482   606   0.55   -NaN   1.87   0.98   1.81       3.10       8    
527   590   435   795   0.55   1.17   1.16   1.13   1.07       2.66       7    
528   453   247   346   0.55   0.82   1.92   1.13   1.11       2.88       7    
529   580   255   651   0.55   5.16   4.47   3.74   5.40     110.46     304    
530   527   317   389   0.55   1.76   1.82   1.26   1.35       3.66      10    
531   508    73   511   0.55   1.16   2.38   1.49   0.61       3.28       8    
532   520   147   638   0.55   1.09   1.09   0.98   3.81       7.53      19    
533   388   210   334   0.55   1.69   1.49   1.38   0.63       2.76       7    
534   528   456   290   0.55   -NaN   -NaN   0.56   6.51       4.48      11    
535   521   278   537   0.55   4.49   4.59   3.78   5.83      95.83     297    
536   399    72   411   0.55   1.15   1.81   1.26   1.95       4.39      14    
537   408   408   425   0.54   1.78   1.17   1.26   1.65       2.03       6    
538   312   157   522   0.54   1.17   1.17   1.13   1.44       3.39       9    
539   555    77   607   0.54   1.96   1.15   0.98   1.17       2.01       6    
540   427   510   721   0.54   1.64   2.10   1.38   0.00       2.74       6    
541   392    49   529   0.54   1.18   0.00   0.80   1.71       2.29       6    
542   188   271   599   0.54   0.00   0.00   0.56   6.47       4.42      11    
543   104   335   416   0.54   6.11   4.30   4.26   3.48      74.48     243    
544   543   149   524   0.54   0.84   1.17   0.98   1.85       2.84       7    
545   505   218   700   0.54   2.55   3.38   2.03   2.31      14.25      39    
546   487   132   542   0.54   2.69   1.69   1.60   8.21      16.26      47    
547   459   389   588   0.54   7.28   6.27   4.30   5.58      97.90     298    
548   436    52   466   0.54   1.10   1.13   0.98   1.42       2.55       6    
549   150   264   680   0.54   0.00   1.80   0.98   1.17       2.33       6    
550   534    94   683   0.54   1.15   1.87   1.26   1.06       3.31       9    
551   269   267   410   0.54   1.13   1.09   0.98   1.14       2.28       6    
552   329   370   554   0.54   2.55   3.49   2.33   2.94      26.16      77    
553   219   262   675   0.54   1.13   2.88   1.49   1.55       5.64      16    
554   448   198   557   0.54   2.84   3.93   2.11   2.83      14.78      40    
555   381   415   383   0.54   1.49   1.70   1.38   0.00       2.36       6    
556   577   151   296   0.54   0.00   0.93   0.80   3.40       2.79       7    
557   492    55   622   0.54   1.10   1.72   1.13   1.04       2.50       6    
558   522   248   639   0.54   3.22   1.17   1.49   4.27       8.45      24    
559   151   317   563   0.54  11.85   7.24   6.63   8.69     258.12     915    
560   489   277   566   0.54   1.17   0.85   0.98   2.67       3.41       8    
561   212    93   679   0.54   3.70   3.74   3.52   3.24      47.76     159    
562   231   455   550   0.54   1.71   0.82   1.13   3.78       4.77      14    
563   450   259   498   0.54   0.00   0.00   0.56   4.19       2.89       7    
564   491   120   624   0.54   1.09   1.09   0.80   4.80       4.10      10    
565   546    72   586   0.54   2.20   1.95   1.49   0.00       3.06       7    
566   284   193   587   0.54   2.18   2.70   2.19   2.40      15.74      51    
567   260   262   563   0.54   1.16   2.80   1.38   1.65       4.01      12    
568   496   233   543   0.54   1.59   2.57   1.60   2.81       7.64      21    
569    88   259   473   0.54   0.99   1.98   1.13   1.15       2.52       7    
570   323   227   313   0.54   2.11   2.45   1.38   0.00       2.84       6    
571   151   397   474   0.54   1.33   2.46   1.69   1.65       4.29      13    
572    79   265   327   0.54   -NaN   0.00   0.56   4.74       3.23       8    
573   224   453   711   0.54   1.18   1.40   1.13   1.03       2.39       6    
574   458   399   488   0.54   1.79   0.98   0.98   1.90       2.44       7    
575   437    45   382   0.54   1.90   1.06   1.13   3.32       8.53      22    
576   462   370   594   0.54   2.34   1.13   1.38   5.14       6.84      20    
577   246    49   560   0.54   0.00   1.18   0.80   3.96       4.65      13    
578   297   517   507   0.54   1.68   1.18   1.26   1.19       2.87       8    
579   518   313   639   0.54   1.18   1.18   1.13   1.13       2.81       8    
580   187   267   672   0.54   0.00   1.17   0.80   2.81       3.93       9    
581   219   431   724   0.53   1.75   1.93   1.13   1.00       1.88       6    
582   176   467   443   0.53   1.95   1.17   1.38   1.75       3.80      10    
583    40   334   696   0.53   4.86   7.90   4.75   3.33      82.25     251    
584   487   287   313   0.53   1.12   1.80   1.26   0.68       2.56       6    
585   441   143   585   0.53   0.00   -NaN   0.56   4.81       3.33       8    
586   578    58   611   0.53   1.07   1.09   0.98   1.15       2.42       6    
587   307   171   777   0.53   2.13   1.58   1.38   0.00       2.66       6    
588   216   474   593   0.53   1.17   1.89   1.38   0.66       2.70       7    
589   439    46   385   0.53   1.16   1.26   1.13   4.51       4.37      12    
590   389   205   680   0.53   1.08   1.04   0.98   2.28       2.92       9    
591   559   211   335   0.53   1.17   0.82   0.98   2.95       3.77      10    
592   482   165   428   0.53   1.17   1.99   1.38   0.78       3.22       7    
593   507   234   344   0.53   0.00   0.97   0.80   4.61       2.47       7    
594   364   139   782   0.53   2.34   1.16   1.49   0.58       3.43       8    
595   550   110   333   0.53   0.00   0.00   0.56   3.45       2.30       6    
596   339   253   432   0.53   1.90   1.17   1.38   0.00       2.55       6    
597   527   132   623   0.53   1.12   1.89   0.98   1.17       2.47       6    
598   492   135   658   0.53   1.13   1.13   0.98   2.84       5.63      14    
599   347   251   410   0.53   1.47   1.68   1.38   1.58       4.38      14    
600   544   170   537   0.53   2.70   2.21   1.49   2.27       9.38      24    
601   455   231   540   0.53   1.05   1.63   1.13   1.14       3.10       8    
602   180   332   484   0.53   3.84   5.64   4.11   3.44      65.53     213    
603   422   165   522   0.53   0.00   -NaN   0.56   5.40       3.66       9    
604   481    56   298   0.53   0.00   0.00   0.56   5.30       3.53       9    
605   407   349   426   0.53   1.58   3.01   1.78   0.00       4.03      10    
606   314   511   749   0.53   1.63   1.11   1.13   2.76       2.85       7    
607   535   116   308   0.53   1.16   0.95   0.98   1.65       2.57       6    
608   517    70   501   0.53   1.17   1.14   1.13   1.15       2.93       7    
609   250   264   519   0.53   1.12   0.00   0.80   3.65       2.99       8    
610   269   244   555   0.53   5.40   3.25   3.74   2.40      37.80     122    
611   461   144   550   0.53   0.00   1.08   0.80   2.78       2.30       6    
612   131   272   348   0.53   1.16   1.04   0.98   1.55       2.75       7    
613   401   167   523   0.53   0.95   1.16   0.98   2.56       2.56       6    
614   499   154   402   0.53   -NaN   0.00   0.56   3.40       2.25       6    
615     4   336   445   0.53   0.00   1.64   0.98   1.61       2.66       7    
616   377   117   501   0.53   3.73   7.95   4.03   5.33     103.94     327    
617   555   166   561   0.53   1.17   1.94   1.38   1.07       3.93      10    
618   340   263   580   0.53   1.90   1.18   1.38   0.00       2.78       6    
619   558    94   351   0.53   -NaN   0.00   0.56   6.01       4.06      10    
620   253   480   664   0.53   1.58   1.18   1.26   1.17       3.72       9    
621   485   121   349   0.53   0.00   0.00   0.56   7.88       5.34      13    
622   579    72   407   0.53   1.16   2.34   1.38   0.60       2.84       7    
623   556   460   342   0.53   1.63   1.58   1.26   1.70       2.26       7    
624   154   481   789   0.53   -NaN   -NaN   0.56   3.60       2.45       6    
625   511   269   635   0.53   1.01   2.04   1.13   1.54       3.32       9    
626   366   245   611   0.53   1.83   2.26   1.38   2.09       6.45      19    
627   537    76   304   0.53   2.08   0.77   1.13   8.60       6.44      17    
628   551   503   564   0.53   1.77   1.12   1.26   0.65       2.65       6    
629   498   356   508   0.53   3.69   3.87   2.65   4.62      42.33     133    
630   156   266   565   0.53   -NaN   1.90   0.98   1.53       2.90       7    
631    27   267   292   0.53   1.15   -NaN   0.80  11.45      12.89      34    
632   374   236   707   0.53   1.62   1.61   1.38   0.67       2.81       7    
633   353   391   625   0.52   2.59   1.95   1.78   4.95      17.14      56    
634   500   399   482   0.52   1.83   0.94   1.13   1.46       3.18       9    
635    89   284   627   0.52   1.17   0.00   0.80   2.43       3.25       8    
636   180   477   798   0.52   1.63   1.17   1.26   0.67       2.51       6    
637   555    80   721   0.52   1.10   1.12   0.98   1.12       2.27       6    
638    65   288   623   0.52   4.27   4.35   3.34   3.21      47.30     155    
639   331    49   424   0.52   0.00   0.00   0.56   4.78       3.18       8    
640   453   100   539   0.52   1.09   0.00   0.80   2.91       2.69       7    
641   294   482   771   0.52   1.60   1.84   1.49   0.00       2.79       7    
642   330   451   471   0.52   1.58   1.54   1.38   0.00       2.44       6    
643   497   122   338   0.52   1.13   1.18   1.13   1.01       2.51       6    
644   447   161   566   0.52   1.37   1.80   1.13   4.28       6.89      18    
645   461   241   734   0.52   1.18   0.00   0.80   2.69       3.47       9    
646   538   208   339   0.52   1.77   1.15   1.26   0.90       2.93       7    
647    28   313   512   0.52  13.66   6.96   7.55   5.39     320.05    1073    
648   530   195   382   0.52   0.99   1.68   1.13   1.17       3.17       8    
649   592   510   592   0.52   1.56   1.99   1.49   0.60       3.61       8    
650   485   121   600   0.52   0.00   -NaN   0.56   7.88       5.29      13    
651   456    71   630   0.52   2.01   2.44   1.38   1.57       3.31       8    
652   354   349   751   0.52   0.00   2.56   1.13   1.15       2.76       8    
653   503   115   510   0.52   1.04   1.17   0.98   1.49       2.57       7    
654   236   271   698   0.52   1.15   1.15   0.98   3.95       7.00      18    
655   475   248   784   0.52   -NaN   -NaN   0.56   7.88       5.28      13    
656   320   507   390   0.52   2.16   1.48   1.49   0.58       3.17       8    
657   522   127   711   0.52   0.90   2.48   1.26   0.65       2.48       6    
658   455   194   566   0.52   1.18   1.90   1.38   0.00       2.63       6    
659   154   409   690   0.52   4.30   5.75   3.95   5.30      98.45     321    
660   157   409   556   0.52   1.17   0.00   0.80   1.70       2.16       6    
661   338   147   391   0.52   1.17   1.84   1.26   0.87       2.48       6    
662   562   270   751   0.52   1.17   2.48   1.49   0.81       3.66       9    
663   290   508   658   0.52   1.15   1.59   1.13   1.83       3.74      10    
664   521   253   641   0.52   -NaN   1.17   0.80   1.80       2.31       6    
665   250   216   676   0.52   5.18   3.65   4.03   3.03      65.13     210    
666   577   187   645   0.52   1.17   1.09   0.98   1.97       2.32       7    
667   343   137   494   0.52   1.69   1.89   1.38   0.00       2.45       6    
668   209   472   613   0.52   1.89   1.65   1.49   1.17       5.30      14    
669   138   141   326   0.52   7.11   4.38   5.47   7.07     238.15     780    
670   414   159   515   0.52   0.92   0.00   0.80   3.05       2.41       7    
671   442   220   565   0.52   1.76   1.83   1.49   1.62       4.78      14    
672   345   259   373   0.51   4.45   2.86   2.59   3.93      32.31     100    
673   542    72   805   0.51   0.00   -NaN   0.56   3.54       2.30       6    
674   497   234   642   0.51   1.05   1.78   1.13   1.45       3.07       8    
675   249   483   718   0.51   1.10   1.11   0.98   1.33       2.16       6    
676   531   118   651   0.51   1.12   1.95   0.98   1.78       3.48       9    
677   459    84   488   0.51   0.84   -NaN   0.80   2.77       2.17       6    
678   285   223   541   0.51   3.53   4.39   3.29   3.13      34.08     116    
679   311   183   526   0.51   1.86   1.51   1.38   3.01       3.11       9    
680   464   187   375   0.51   1.10   1.85   0.98   1.16       2.06       6    
681   533    57   708   0.51   2.60   0.96   1.13   0.93       2.44       6    
682   527    86   299   0.51   0.00   0.00   0.56   3.54       2.31       6    
683    77   346   410   0.51   4.18   5.88   3.95   2.77      55.99     179    
684   415   121   320   0.51   1.12   2.27   1.26   0.68       2.43       6    
685   468   323   535   0.51   4.80   1.13   1.60   3.78       6.72      21    
686   543   110   780   0.51   0.00   1.81   0.98   2.18       3.48       9    
687   168   397   680   0.51   2.13   3.55   1.95   1.35       5.16      15    
688   491    75   352   0.51   1.93   1.04   1.13   1.03       2.32       6    
689   499   361   507   0.51   1.80   -NaN   0.98   2.00       1.87       6    
690   531   274   714   0.51   0.00   1.18   0.80   2.89       3.57      10    
691   532   323   731   0.51   1.69   1.74   1.38   0.00       2.47       6    
692   355   167   631   0.51   0.88   0.98   0.98   2.65       2.63       7    
693   582   304   573   0.51   2.12   1.96   1.60   1.65       4.36      12    
694   213   407   579   0.51   1.16   1.14   1.13   2.55       4.01      12    
695   134   271   430   0.51   1.16   1.01   0.98   2.36       2.45       6    
696   244   445   310   0.51   1.67   1.47   1.13   1.11       2.61       7    
697   355   173   577   0.51   0.00   1.06   0.80   2.77       2.14       6    
698   226   265   661   0.51   0.00   0.00   0.56   4.79       3.11       8    
699   415   173   525   0.51   1.44   2.44   1.38   3.34       7.52      21    
700   173   262   642   0.51   8.69   4.72   4.44   5.61      84.94     339    
701   581   507   544   0.51   1.60   3.95   1.60   0.00       3.55       8    
702   464   194   307   0.51   1.24   2.08   1.26   5.87       7.45      20    
703   162   436   735   0.51   1.12   1.40   1.13   1.33       2.73       8    
704   459   262   441   0.51   0.00   0.00   0.56   4.77       3.09       8    
705   227   211   535   0.51   4.07   3.79   3.39   3.26      46.56     158    
706   360    69   331   0.51   5.87   5.27   3.83   4.37      83.60     249    
707   445   205   549   0.51   2.48   1.76   1.60   3.86      14.27      39    
708   392   102   653   0.51   3.77   5.90   3.29   3.53      56.67     176    
709   369   152   499   0.51   1.14   1.71   1.26   1.07       3.10       8    
710   435   173   559   0.51   1.37   1.17   1.13   2.91       2.91       8    
711   269   292   659   0.51   5.09   4.99   4.55   4.81     118.85     397    
712   402    47   806   0.51   1.14   1.89   0.98   6.69      11.03      29    
713   159   469   472   0.51   2.59   1.02   1.13   1.14       2.84       8    
714   344   174   500   0.51   1.95   2.35   1.60   3.07      12.91      37    
715   240   402   612   0.51   0.82   1.70   0.98   1.60       2.32       6    
716   281   271   568   0.51   0.00   1.17   0.80   1.75       2.02       6    
717   495    67   575   0.51   1.13   0.91   0.98   1.30       2.02       6    
718   467   379   653   0.51   4.92   5.62   3.83   4.36      76.33     240    
719   522   150   676   0.51   1.18   1.71   1.13   1.16       3.15       8    
720   255   484   335   0.51   1.08   1.12   0.98   2.69       2.16       7    
721   476   150   807   0.50   0.00   0.83   0.80   3.25       2.36       6    
722   434   200   523   0.50   1.66   1.54   1.38   0.63       2.80       7    
723   363    47   553   0.50   -NaN   0.00   0.56   7.88       5.11      13    
724    53   348   589   0.50   3.22   4.71   3.29   3.77      50.75     176    
725    96   276   553   0.50   1.83   1.10   1.13   2.32       4.16      12    
726   353   393   624   0.50   3.42   1.16   1.38   4.17      11.77      35    
727   491   303   564   0.50   4.90   2.63   2.33   3.83      22.46      72    
728   542   104   726   0.50   1.09   1.14   0.98   1.15       2.19       6    
729   493   138   658   0.50   1.95   0.00   0.98   1.57       2.61       6    
730   372   220   658   0.50   1.53   1.75   1.38   0.66       2.86       7    
731   523   274   557   0.50   2.25   0.78   1.26   3.82       3.50       9    
732   469   273   732   0.50   0.97   0.97   0.80   2.72       2.28       6    
733    38   279   595   0.50   1.68   1.85   1.38   0.87       2.99       8    
734   208   485   717   0.50   1.76   0.81   1.13   1.31       2.78       7    
735   192   344   652   0.50   5.20   2.93   3.43   2.65      41.08     136    
736   334   222   316   0.50   1.17   1.18   1.13   0.94       2.13       6    
737   558   284   653   0.50   1.18   2.97   1.49   0.69       3.11       8    
738   154   206   312   0.50   2.15   2.18   1.69   1.50       6.09      19    
739   482   282   700   0.50   1.09   2.60   1.38   0.00       2.60       6    
740    99   270   407   0.50   1.18   1.94   0.98   3.49       2.32       7    
741     6   305   514   0.50   3.35   3.52   2.99   3.81      36.49     120    
742   311   155   307   0.50   0.99   1.43   1.26   5.65       5.28      15    
743   500   215   642   0.50   1.18   1.16   1.13   1.42       2.85       8    
744   305   111   598   0.50   1.69   1.77   1.26   0.71       2.12       6    
745   211   404   617   0.50   3.00   2.65   2.33   4.99      41.74     127    
746   581   189   344   0.50   0.64   -NaN   0.80   7.55       5.52      14    
747   581    93   438   0.50   1.00   1.89   1.13   1.11       2.59       8    
748   317   403   297   0.50   1.16   1.08   0.98   2.77       2.81       9    
749   540   172   406   0.50   1.08   1.16   0.98   1.47       2.50       7    
750   275   432   303   0.50   1.17   2.11   1.26   1.13       3.22       9    
751   486    56   677   0.50   1.07   1.08   0.98   1.42       2.22       6    
752   308    52   587   0.50   2.52   1.98   1.38   0.00       2.55       6    
753   408   172   777   0.50   0.00   0.00   0.56   7.88       5.06      13    
754   510    63   611   0.50   1.18   1.94   1.38   0.00       2.74       6    
755   309    51   767   0.50   1.12   1.09   0.98   1.13       2.06       6    
756   470   132   539   0.50   0.00   -NaN   0.56   3.53       2.23       6    
757   144   332   581   0.50   8.51   6.61   5.53   4.48     145.02     498    
758   207   480   572   0.50   1.13   1.50   1.13   1.47       3.06       9    
759   515    60   322   0.50   0.89   0.97   0.98   7.17       5.58      15    
760   525   265   542   0.50   1.82   2.10   1.60   2.26       4.95      14    
761   440   260   536   0.50   1.14   1.10   1.13   6.57       6.64      20    
762   541    98   801   0.50   0.00   -NaN   0.56   7.88       5.04      13    
763   503   238   542   0.50   0.00   1.14   0.80   3.67       3.78      11    
764   576   401   495   0.50   1.53   3.02   1.38   0.00       2.64       6    
765   436   429   382   0.50   1.83   1.67   1.49   0.00       2.78       7    
766   485   440   490   0.50   2.15   1.51   1.38   1.24       3.29      10    
767   421   174   524   0.50   1.00   1.00   0.80   2.90       2.46       7    
768   470   149   299   0.50   0.00   1.18   0.80   3.06       3.82      10    
769   357   352   683   0.50   1.18   1.82   1.38   1.72       3.72      12    
770   495   116   659   0.50   1.16   1.16   0.80   3.70       4.30      12    
771     7   390   729   0.50   1.64   0.98   1.13   1.38       2.45       8    
772   514   454   335   0.50   4.37   1.18   1.60   1.17       3.11       8    
773   404    59   391   0.50   2.21   2.34   1.49   0.67       3.13       8    
774   325   100   383   0.50   1.16   2.48   1.49   0.89       3.55       9    
775   374   349   538   0.50   2.09   2.32   1.78   3.08       6.14      20    